19
167 238 1 1
243 238 1 1
323 238 1 0
399 238 1 0
90 238 1 0
19 238 1 0
399 199 1 0
243 199 1 2
167 199 1 2
90 199 1 0
19 199 1 0
323 199 1 0
204 101 1 6
399 160 1 0
323 160 1 0
243 160 1 3
167 160 1 3
90 160 1 0
19 160 1 0
16
23 209 1 3
170 209 1 3
319 209 1 3
395 209 1 3
243 209 1 3
98 209 1 3
98 164 2 7
243 164 2 0
170 164 2 0
319 164 2 7
135 126 2 0
210 126 2 4
280 126 2 0
172 94 3 0
248 94 3 0
209 62 3 2
19
137 71 1 2
300 72 1 4
218 124 3 1
348 185 3 5
324 199 3 5
275 215 3 0
221 215 3 3
163 215 3 0
96 181 3 5
331 218 3 0
118 198 3 5
322 239 3 0
165 284 3 0
133 263 3 0
124 240 3 6
107 218 3 0
283 283 3 0
222 284 3 2
299 262 3 0
39
378 77 3 0
54 77 3 0
0 208 3 0
267 208 3 0
378 208 3 0
0 77 3 0
267 77 3 0
160 77 3 0
450 77 3 5
450 208 3 4
450 0 3 6
0 0 3 6
212 77 1 1
107 77 1 1
322 77 1 2
178 120 2 0
144 144 2 0
243 120 2 0
87 177 2 0
39 144 2 0
0 120 2 0
107 208 1 1
322 208 1 3
212 208 1 1
160 208 3 0
54 208 3 0
395 144 2 0
350 177 2 0
289 177 2 0
269 144 2 0
432 120 2 0
44 27 1 0
176 0 1 3
291 53 1 3
231 27 1 0
83 53 1 3
134 27 1 0
341 27 1 0
379 0 1 3
26
49 43 3 0
77 90 3 2
111 156 3 3
218 222 3 1
325 156 3 0
370 90 3 2
402 43 3 0
218 43 3 6
218 105 3 6
218 156 3 1
98 123 3 0
358 123 3 0
140 194 3 0
303 194 3 0
0 63 3 1
0 98 3 0
0 132 3 0
0 170 3 3
0 209 3 0
0 246 3 5
450 101 3 0
450 210 3 0
450 172 3 3
450 139 3 0
450 246 3 5
450 62 3 1
